

ALFABETO:"ABCDEFGHIJKLMNÑOPQRSTUVWXYZ ."
29 símbolos equiprobables

---------------------------------------------------

Lista codificada en base 10: [4,1,9,1,0,9,2,5,2,0,5,6,6,5,5,1,1,8,7,6,4,5,4,6,3,4,9]

Longitud del mensaje: 18

---------------------------------------------------

Lista codificada en base 10: [0,0,8,9,6,3,9,5,1,0,9,8,4,4,8,2,2,2,5,9,7,4,6,6,5,5,5,5,6,8,7,9,5,2,0,6,0,3,2,7,3,9,2,3,1,0,0,3,3,1,8,2,0,4,1,4,6,2,4,5,0,1,3,3,2,3,8,7,2,4,9,7,7,0,3,1]

Longitud del mensaje: 52

---------------------------------------------------

Lista codificada en base 2: [1,0,0,0,1,1,0,1,0,1,1,0,1,1,1,0,0,0,1,1,1,1,1,1,1,1,1,1,0,0,0,0,1,1,1,1,0,0,0,1,0,1,0,1,0,1,1,1,1,0,0,0,0,0,0,0,1,1,0,1,0,1,0,0,1,1,0,0,1,0,0,0,0,1,0,1,0,0,0,1,0,0,1,0,0,0,0,1,1,1,0,1,0,0,0,0,1,1,1,0,1,1,0,0,0,1,1,1,1,1,1,1,0,1,0,0,0,1,0,0,1,0,1,1,0,0,0,1,1,0,1,1]

Longitud del mensaje: 27